1759771,0
1903596,0
3456882,2
8554587,2
1723388,3
2912767,3
36663090,4
3303970,4
1705932,5
1739555,5
1712423,6
2419880,6
145915985,7
143923082,7
2185834426,8
2351618,8
1387936232,9
119464741,9
3298708,6
2532973,6
1744513,2
123794140,10
46205857,11
23724710,11
2495458,13
3203819,13
2065350792,13
1666528199,13
50296137,14
1705314,14
11230598,15
2134231,15
153431472,16
3104170,16
144194373,10
115767234,10
2169959,17
47868780,17
1717221,18
8836912,18
144626042,19
145892975,19
29113221,20
4952621,20
26582424,21
2251027,21
1403766183,22
8926279,22
2446921,16
1388775854,16
2207193,23
1735177,23
103273315,4
1863307,4
2751909,63
1823990,63
51435753,21
1809243,4
1414112810,4
11374925,4
1759462,25
13580245,25
144147883,26
2341082,26
1999065,11
51118506,11
2510840,13
47892132,13
2985492,27
48887176,27
32873584,13
2064581974,13
145879842,28
145419642,28
2111572883,29
1390562533,29
2057047829,30
2057046985,30
1834047,31
50884186,31
1749906,16
1422133662,16
144652072,16
145792941,16
35168570,21
2081249,21
2422370,16
2402406,16
3432684,16
1717971,16
40598011,32
2111337069,32
2592694,10
2934077,10
1766240,32
144272453,33
50263206,34
3250989,34
51115231,2
90599671,2
2139879282,21
35139296,21
2334617,18
1755408,18
19293146,34
88182802,34
2037899334,16
3159918,16
3204569,2
3291438,2
20757968,30
2162446630,30
2125706147,21
2504674,21
31127876,35
50817520,35
1810064,36
2002075,36
116713728,37
1403087742,37
153085268,38
48837352,38
24032369,25
2121363803,25
4410019,4
21493167,21
1397958214,22
1401553965,22
37978142,39
33295892,39
145519038,21
1404609254,25
1402573847,25
5824067,167
1412391493,167
2302886,0
143644649,0
2179489137,35
3305606,35
5672274,4
3076440,4
145317727,41
9438988,41
48026693,4
6754112,4
1797355,34
2796576,34
2482136,42
23289476,42
4822550,43
1739729378,43
2081444,22
2054951331,22
1717056,44
1738578,44
3329961,21
145976303,45
103598469,45
37936069,46
2073018730,46
1390131709,18
1390131683,18
50524587,4
38181973,4
2115986606,47
144396718,47
1994941333,21
2222952,21
32947268,16
2170539086,48
51166170,48
143802734,16
8791376,16
2007674493,38
144044007,38
144436943,16
32455314,16
35248702,49
2068693572,49
30421024,8
2752996,8
5903133,50
145677428,50
41034714,51
40107797,51
2052707659,11
2900564,11
144641844,52
3693542,52
118574508,53
133969473,53
40196302,54
1696678,54
3593793,52
3369903,52
3185333,31
2004364619,31
6701427,30
1411154983,30
2456124,55
3199878,55
37012097,56
152981613,56
1799402,38
122456170,57
33165512,57
2066685414,21
2185195512,21
101948911,21
144300761,21
1768074,16
1682008,16
144433798,63
144651649,63
1795595,48
2256003,48
144232865,52
51427003,52
3091574,31
3386013,31
16054378,10
144155885,10
2747350,58
1733565,58
2065497554,59
1397797306,59
1743087,18
150297229,18
33392067,0
51130504,0
31674115,6
152215935,6
1757357,60
1772287,60
29019028,17
3404476,17
1703124,2
39762878,2
1805753,16
1398241945,4
145512648,4
2197779581,25
118583353,25
9522307,28
1697703,28
1925560,11
1685522,13
1755518,13
1790055,4
1403573741,4
1747798,32
1714027,32
46258841,28
144526707,28
2537597,61
2789967,61
116700977,30
144715575,30
1736470,10
2943164,10
2079740165,59
47974660,59
1684687,30
2061506036,30
1802349,58
2224467,15
2876837,15
1743043,11
72630048,16
2524172,16
2771830,6
148301756,62
150982771,62
1980353,21
80273596,21
2051745007,63
144610599,63
1580516816,28
1399260935,64
2876469,64
1703980,65
1817251,65
39888452,38
2676839,38
2654157,11
2030915545,11
143634219,8
73774143,8
1705764,21
2065333595,21
40975594,66
14627064,66
145476099,67
34597147,67
34919177,68
2772997,68
48004138,69
2117748,69
2573193,11
3171769,11
2152955806,48
1679177,70
1707959,70
2994505,71
34421129,71
3130592,72
66215324,72
144225562,27
6545478,73
1750780,73
113302314,71
50482354,71
1694393,16
2029657498,16
1958921,38
143841814,38
39613066,74
3197918,74
143714914,75
2068288220,75
1741487,16
2410580,16
1782658,46
2116308648,46
24288875,63
1916117,63
1396212229,0
3306947,32
1419459974,32
35231541,76
1763302,76
1795135,8
39423595,18
148176877,9
2310860,9
35821209,18
46696786,18
34805726,62
2698329,63
2353692,28
100624017,28
34787071,77
13568600,77
103116775,21
8311574,21
1404354049,21
3458698,13
1403171029,28
91903310,28
2117791272,4
2153000168,34
88184412,34
32735464,78
32801029,78
2118744436,18
3369464,79
8371651,79
3356096,35
153780761,35
5526046,11
48829479,80
48079828,80
49305855,21
2557324,21
2152170334,25
144008442,25
145192169,81
144240725,81
40387300,0
6673771,21
40234491,82
46733376,82
23985569,25
2080155085,11
153503994,11
36723940,13
2391370,13
2368274,28
38730378,28
2075298775,4
2108959746,4
2136919024,83
1732728,83
1979489,84
145183709,84
2703478,30
2149257500,15
118976401,15
2841157,38
88785748,38
145387102,85
3075189,85
32368694,32
108486045,32
4314098,9
2314259,34
2061340,34
48898287,46
2290505,46
7332594,86
2158916348,86
1991548,10
144154709,10
10504514,34
49625187,34
144235071,0
2094055,0
1803140,28
10714512,28
30291444,9
147115675,9
2734489,15
40191926,15
17845906,9
2852086,0
2116525,0
1689089,87
1751287,87
2146695726,21
3381981,21
5925453,21
10807714,21
2840539,88
143681247,88
1736632,89
2893721,89
8683986,90
47373374,90
152356803,91
1388404108,91
35458205,4
145752168,10
89090110,10
2648777,4
21112145,4
1420050895,75
71001507,75
1506167488,167
2116330104,39
27549906,21
2096245957,21
48604593,92
2135348,92
48866094,21
145148025,21
47769799,37
1734772141,37
2142201,16
4759478,16
21243375,10
80753146,62
26884214,4
2053782954,4
152179862,21
145842687,21
36517276,34
2190549,34
1766638,16
7692691,16
3060017,10
2579144,16
1754163,16
30978073,15
1728390,15
4106384,31
152484778,31
11020325,93
47043282,93
148115261,21
6167382,94
143803467,16
1705156,4
1505743492,4
5651696,16
145212340,8
51040873,8
1688109,16
1688304,16
2408791,18
2086070326,18
118982178,95
119672063,95
1475315063,0
2111720,0
71106617,96
11737239,96
1395596878,97
2178139,97
2043034498,30
90093224,30
152397366,98
3007123,98
145315377,13
150975277,13
46494353,18
144378428,13
152152429,9
1396349028,9
1682773,4
50985185,4
2082915315,4
143779235,48
1683562,48
144844426,28
2116649486,28
1681193,99
145046059,99
1720776022,9
118692657,9
1682947,100
2635532,100
3245894,52
2112358410,52
2349638,21
13376424,21
7864309,21
2059760933,21
153243248,38
2253600,38
2496439,39
1405530410,39
2055262683,38
4762492,27
2939899,81
1733303,81
30682542,101
2684980,101
1978989,11
2047818403,102
6032930,102
2056379567,11
46607492,63
2334449,63
143990839,0
120935900,0
7135376,21
34622009,21
91201969,39
67045794,39
113711344,25
11477112,32
144263850,32
145593014,15
49387901,15
1397398770,11
115431286,11
144389145,16
6206594,16
2255965,28
1749012,13
2066010806,13
2218275,103
143777878,103
2832285,104
24235135,104
1831395,34
1750769,34
39948674,98
103362561,98
145898058,4
1696039,52
2000195422,52
4630760,4
2052779455,21
117843938,21
2910979,63
46933023,63
1858299,13
51254306,13
1748108610,16
2186481,16
2332167,8
10682650,105
2156918252,105
153164874,15
1725426765,0
2117535,16
1922747,16
3098280,43
3023306,43
1901174,30
49601951,30
2110141460,4
145479841,49
2124443407,49
2149171872,15
4219233,15
144787428,106
30932604,106
1687200,13
2469884,13
1830872,6
16112174,30
144324702,30
3086323,16
1712542,16
3366657,107
8058859,107
2047617,108
1746662,108
12719373,0
1741453,0
28352444,32
2140221,32
144440084,13
1399507912,4
1928817,4
1771108,109
2494495,109
1996878,38
1699369,38
2088383482,16
116074438,16
24563452,16
2194947,16
2713727,4
48574751,4
2068768613,18
144446128,7
35591767,110
35803933,110
145387065,71
2067374230,32
2411946,32
79027713,111
1773086,111
2106563827,45
47190805,10
29884743,10
1714923,33
7752154,13
2111744567,31
1755572,31
2571049,28
14346357,112
31949935,112
3280421,2
40342283,2
118488656,39
47206305,39
31971532,113
2917011,113
1406452999,13
144192994,13
2083259,114
1398583303,114
34827715,13
2535806,6
1389967827,2
98447928,32
3074754,32
144133315,4
1730531,4
2644917,63
1684216,63
38746648,89
119679533,11
83325421,34
145035129,167
50360470,167
49246126,115
2644748,115
104275782,11
2954140,11
2105984203,116
144925592,116
134784269,6
120798044,6
3271584,18
2173501,18
1596898654,21
1699732,38
2116586408,4
3355580,4
27750021,167
49094660,167
2139720695,63
2099717,63
39954198,9
2877400,22
35106864,22
145142464,28
3111124,28
5315446,32
2123787258,32
40379784,31
120911346,11
1970944,11
1390095176,34
1899292751,80
2053105001,80
46886279,31
1484797547,106
2130188158,28
51057197,35
2091615718,8
6606609,117
2055083,117
2413779,38
1403025860,38
1766782,4
48745200,13
1800842,13
7678753,10
1741573801,10
2088998296,34
2148687825,34
2137377699,74
103427928,74
7960003,63
144182945,94
1414164803,13
1801223,25
6503145,25
2030917329,11
1836327,118
28993380,118
145472333,11
3972222,11
34355283,119
40005185,119
34330740,13
35895726,63
92442175,120
3280344,120
102302952,31
107796650,31
36792610,121
2170183,121
35137595,21
1379969603,122
10721627,122
1581899184,31
145836652,31
145391245,123
35142093,123
145230648,124
12807166,124
144182941,62
34498041,62
144402510,39
2115977943,31
118991724,31
51923664,13
1844816,13
145099718,19
1772052,19
46564541,125
3038700,125
145345023,126
144478906,126
2190503709,38
144463523,38
47542513,127
6256553,127
4081515,52
143938870,25
1403841396,128
2920927,128
48615794,94
3009678,94
1746012,11
144508755,11
2183785125,9
3570496,129
1761560,129
67180560,8
4398116,8
2676352,130
1945962,130
152367159,4
144982204,31
2438125,16
14245720,16
48535187,131
1750481,131
143999398,63
145800351,132
37245087,132
2327518,2
2439079,2
2046827595,31
2046827235,31
3006251,107
1403602766,107
1379948038,46
2145417960,46
2349020,133
145228093,133
1399110873,2
27851872,28
1742270607,28
46950454,18
2633757,16
2346641,16
143873364,121
71075073,121
143743126,52
3225635,38
39760216,30
2115035898,134
122195930,134
145635300,48
2170852517,48
32662204,59
4513206,59
2109540405,4
41018361,4
1793883,135
1399890865,135
2056050346,4
2160767327,4
98400432,136
51104310,136
116246950,7
153297313,7
2118453203,8
40594032,32
2055938290,32
143728483,137
10195617,137
3468616,15
143604617,15
32822615,28
1393229896,28
1591125925,84
1736324,138
1737216,138
2092126237,139
88138776,139
143888439,140
2942126,140
36606130,74
34627491,32
1764521,4
49177173,4
2477784,4
146721686,0
144676398,0
1471839943,15
100488934,15
2225668,46
47837753,34
3407230,34
1666637442,0
144485694,121
51148972,141
2053417944,141
2859986,167
40987303,142
2963260,142
31614158,6
49540537,6
40522291,62
1404214415,62
3093297,28
3302800,28
3393419,86
48520894,32
3480356,72
10088985,72
37496800,25
2174736240,25
2293193,9
2660575,9
145918049,38
1807154,38
1398441802,143
2109842335,143
2082992,52
49248486,22
153162219,83
18826443,83
145724348,18
2516236,144
39020124,144
151167206,28
145165884,8
145602211,8
11182394,145
1401813995,145
153439805,4
143782314,4
47979799,31
70996209,31
2350947,13
35751319,13
48797476,38
1702139,38
1896018,8
2088358,8
1404459229,146
1591111860,146
2153098433,147
2856106,147
2418325,4
144703130,84
1811761,84
2787070,107
2113508809,4
147024131,148
50431605,148
2970767,19
1749578,19
1500667639,30
3071228,30
2145428248,80
2109776478,80
144989157,149
33939775,149
2155266495,167
35466212,167
2070524232,150
2101022236,150
39824354,11
3528206,28
152493572,41
14532516,41
81551000,49
39624092,49
151214273,18
2000516,34
2109454735,80
2101037,11
2064134067,11
30782010,16
2499673,15
3334430,15
2366954,16
152495953,151
2923143,151
143709703,0
1769685,13
1726011380,13
122551028,10
2723877,10
107836812,31
34164013,59
2135642752,152
143623207,152
144948851,18
143900982,18
8604993,38
3019719,38
39791597,30
151222817,30
2798221,167
37879285,4
1775511,80
29368432,0
1666505245,0
89121749,37
145187738,153
39118796,153
2098651645,18
1403346810,63
13198881,63
1760557,32
51014250,21
49521137,18
47286020,21
1988453,154
31251390,154
50116627,75
3328426,155
6871095,155
1404663041,32
1403048710,156
30563097,156
3084761,157
5945870,157
2145243465,158
2162397004,158
3119182,32
1736849,32
3306556,31
2121385390,31
143891260,5
2191921580,5
3102544,100
34699366,100
47450657,31
40484448,35
1717192,32
40612466,32
122850182,16
104851733,32
1681824,32
143752702,159
144411873,159
41072903,0
1951564,21
1826736,21
1770511695,32
2303900,52
26435264,8
97678793,8
47193909,4
153034701,160
49891156,160
3115414,161
1912476,161
49248752,10
123447983,10
2103925711,57
2059721601,11
39429890,11
113179096,38
1687465,38
7507319,162
21621673,162
1409210718,11
1891305,63
3141455,63
3141182,63
151491159,30
114079734,30
2181864067,32
113689522,32
1701353,38
3141819,38
2067172316,163
2995603,163
145072133,164
1405867539,164
5183459,49
32163938,49
2112400,165
144888672,165
2048335237,166
49828849,166
2168321727,52
2168329324,52
2271180,30
2075821694,57
1803218,126
107986245,126
2570223,10
2060595827,18
1953900,15
48116063,15
13241036,37
145719218,31
3347568,31
73770618,4
2088210092,4
1752121,25
1491612558,25
1706831,25
2061263927,25
1984044,128
115513172,128
1739044133,168
2110316755,168
3060418,18
6959152,18
40507322,21
3447293,13
8854282,11
39446706,11
3026226,31
3122790,18
2844459,18
1976593,169
3342561,169
10783895,38
2917718,38
14634426,31
145334595,31
2092430501,75
6354941,34
9338703,4
144441581,18
12860660,18
2004569272,56
2176212503,6
2071024066,6
1693023,170
10373783,170
2784004,4
3349623,46
2000893055,46
50325647,48
2155420058,167
145867385,167
3422031,167
17317553,171
2049947,171
150007688,21
1702030,41
2449380,41
2020262166,8
151463421,8
46782621,48
27342735,16
1950933,16
2620245,172
1742348,172
144831527,173
113968813,173
46617468,4
2086639,21
1844994,28
1763608,28
2098817192,4
2110953882,121
2653499,2
2146379785,4
2127696,22
1760490,22
113117870,10
144041798,21
38760888,21
143618115,9
2711471,174
145657857,174
144728530,13
1728207,13
11299276,34
39226200,86
51228139,77
40650641,77
2261457,95
1467645111,95
1744846,28
1403428134,28
2116525665,4
49549951,8
11741399,30
40660541,10
3003460,10
145171749,175
2631417,175
144638930,16
1769960,139
2097232,31
1805668,176
2110860958,176
2111395701,49
119505925,49
3473368,25
2143209220,25
9207147,13
1719898,137
101283007,120
1723195,62
2062143,38
88738815,38
49501003,130
35719535,17
2117876104,83
2149424951,83
51428797,106
33220215,106
3422569,86
2036795676,30
2081346,30
38705113,8
1840485895,30
1580935862,30
82274934,16
1811015,177
1401020033,177
40944409,10
1794096,10
1746807,49
3455271,32
71343039,32
4324933,178
2505272,178
1665937378,13
2130858,63
89509643,63
144438218,55
145220697,55
40437610,179
35793299,179
1630469424,16
92187834,8
12029692,8
145133420,35
2150708451,4
2051652357,4
2827532,174
48244312,174
1962691,31
2175105263,25
1889171,180
145810673,180
4093792,181
1690216,181
143982694,52
3089935,126
5445547,38
2093965656,122
7994350,122
2109293717,16
147525149,13
117633375,13
3172497,18
30828228,182
49811741,182
134768130,122
51913730,122
117923882,25
144828606,32
2361778,183
1682202847,183
2180820494,139
89315564,139
144721308,100
49317237,100
1698672,25
1974202,67
2670187,67
1681367,94
7405787,94
40508064,31
10737060,84
37149516,32
114762523,32
123607249,167
2490741,167
2360945,8
1409505343,4
40429233,46
1821014,18
32261909,18
27529530,32
1410457841,32
2195694,184
2152614337,184
1800981,185
2110812101,185
8455148,7
153598424,10
2088079694,105
2601380,89
38818867,67
47546597,4
1661214960,186
3164199,186
1404997778,16
48224902,46
4505092,71
50187348,71
2171828069,187
2124655356,187
2414047,4
2033965,188
2133322653,188
2480901,189
3448427,189
144877728,4
144338043,4
2013768,25
2229958,9
102156922,9
2066626968,52
145320204,52
1500668565,30
1405628931,30
145394226,55
3178240,55
1965937258,18
1685102,32
65925190,32
145512647,4
48106342,19
2446400,19
1782853,9
2901051,135
1907229,190
3384173,190
50148940,18
2110096372,8
1766275,191
5262938,191
144810616,21
51020722,8
2165346,13
145580839,84
3299367,13
2345714,13
88289538,10
2065428296,35
34207665,16
46172696,41
1388016390,15
3015736,15
2108812447,39
144335677,192
7600364,192
1748169,193
49545932,193
1588534495,191
3367312,191
40311829,28
144447784,18
144922861,194
50219006,194
2731733,167
2114940011,167
1745524,28
82161246,4
2002004158,4
145155219,63
145623586,4
153492202,4
145544446,14
31390155,14
2098816402,4
117945594,21
48249758,21
95524117,150
2065066018,150
1708607,63
39963117,63
1733586,16
2118234331,83
29378880,16
8318698,16
37687750,10
32140336,44
3799488,4
2124977868,195
1747893,195
104942679,21
97159470,21
2106181577,21
2109884660,32
1381460825,30
71903169,18
3235987,122
2098790052,120
2150369876,124
150057683,52
35540755,49
144365876,49
1720151,18
14012495,196
80229618,196
2328263,31
145174228,197
1705550,197
48579520,198
1745366,198
153284029,38
1397259375,38
2490652,199
83262128,199
143964550,28
1787195,28
2163744364,13
2232047,13
2487176,170
3371403,38
50877971,38
2954043,200
10258164,200
15562939,34
107879197,34
2132533587,31
47842495,201
2141351739,201
112845825,39
1388020502,81
104356423,16
2111807423,7
152606687,63
39496312,32
97560872,13
40962379,13
122373940,0
2121363821,0
3237539,83
1752751,0
3488062,202
116872215,202
144229664,30
2140541306,130
3871025,22
50874591,41
2188345532,41
35936413,32
2540903,32
2115863079,46
40902001,46
50378967,203
2194458,203
2440079,13
2054657508,13
2713326,204
144991676,204
3086972,39
1903670,39
46199260,63
47489773,31
2071624183,31
2080029,205
3290035,205
2776193,128
1695997,16
1808515,11
51912276,0
2065523493,21
101178415,21
2058172760,206
30872616,206
145351935,18
38111789,62
3203245,62
2148770609,207
34616778,207
144667749,4
5876410,208
4557020,208
1787198,159
2064650728,41
3130159,11
50260667,126
1738536,126
153802923,34
2037852463,34
113557474,31
2060583042,55
2175341368,193
2047998,193
1712194,209
144221985,209
1490970698,193
144351183,193
17010256,167
2615635,167
2137235502,80
1753599459,80
47205422,8
2459830,198
2091143606,150
1805055,150
1861541,30
1816698985,107
3262602,14
3422004,21
49878912,38
1783914,16
71199251,30
145955156,55
40595941,210
1381593992,210
2583473,48
145237359,13
8388443,13
1759241,94
144334554,94
2110321274,52
1786206,211
1970752,211
52139981,10
28265148,212
5406336,212
2471896,13
3681090,13
2125384142,43
2140381286,63
2133692,62
66862935,62
2013041,62
1681631329,62
1784682,213
48847750,213
1730868,16
1983163,28
39496240,28
93258626,34
49391193,34
1801452,65
1767077,4
2133877216,214
2144911853,214
7400876,4
18081634,0
32086754,31
28924497,31
1725412685,63
2866858,63
3481339,187
2143919864,187
2092462245,150
10324691,49
1750822,21
2142213732,21
144114092,21
98750463,9
51169219,9
144994682,4
2327052,4
11192438,28
2108359612,28
33911030,54
2200356,30
1993816,30
2613576,215
3499140,215
143963854,216
2146312555,216
1414148536,4
144824067,10
1389555445,10
1696165,32
1716665,32
13978600,140
1585279615,33
1776476,4
4435175,30
72339731,30
1992129,21
32465738,21
152142311,74
1874006,21
1851304,21
2153992459,32
51067816,32
3074687,8
1746057,71
101404244,35
2037183204,175
70025184,175
6088477,217
2073020,217
2905745,48
65877664,48
10214742,167
87015017,21
1663747589,21
6466660,4
2132924,4
34811200,167
2022288,10
3822404,63
2905635,21
1773125,58
7776037,62
2153992215,32
2054746580,32
2174816842,19
3261461,4
39884477,2
2191898543,202
2059587031,202
1719645,138
1779187,13
1790267675,13
1716933,218
145521470,218
6894443,189
1758907,18
9957987,81
4889956,31
13870784,191
1398105314,191
144795713,191
35831406,10
1676063595,8
2267110,13
1401279392,13
1638226602,119
1478797255,52
143842718,8
80536505,63
114987972,63
104949104,6
1761784,213
1404062616,219
152419600,219
2052513151,16
1705700,10
144091906,216
16005683,216
117496411,106
2464895,106
1783512,4
1706438,220
51161079,220
3794817,71
49889091,4
2108901127,4
3345653,4
1892288,4
10715496,13
40085822,221
144330153,221
7646279,63
1776482,63
2113508764,31
39656686,31
40577876,11
1838478,11
1928935,8
2736592,8
145136631,55
1379600163,55
11421835,18
2145946569,21
113161124,16
2230578,126
2185193557,21
2185191294,21
100760035,80
1398679323,31
2627759,8
2632398,4
2108112251,222
40016674,222
1700356,167
39838907,16
48145366,16
2704289,32
1752287104,0
31413949,52
145896397,223
145800151,223
2159190453,62
2818774,21
9220271,38
3201151,10
2161707088,10
2437728,55
2330381,15
47399811,18
2117636509,18
2117660923,214
2158559,16
37189729,63
108299070,2
1846519,38
2013947833,89
12524628,89
153510134,224
1678892,224
6160197,133
144517928,133
2138013591,22
34039293,15
1414323097,25
2964400,225
1775434,225
1958517,4
1784327,4
2735649,21
1693370300,48
34086979,48
38568367,4
145012477,4
1734731,0
1388342726,32
2272762,32
145457966,226
2943892,226
1388812429,21
2151851404,227
46713318,227
2169541,228
2238874,228
3256660,229
1811300,229
3407218,38
116369707,230
112904532,230
8977167,62
118400138,62
144268670,107
152675533,107
9106757,231
2713668,231
1743467,232
46826110,232
145051141,16
144484001,19
2133420082,167
50006580,54
46663293,80
2106505094,47
5336339,49
4671030,49
3252940,31
2464550,31
1405388222,94
40654835,94
2075375889,34
2037850454,34
1401290379,18
3253342,233
2254835,233
1791413,25
48245618,21
2065291708,4
2157289866,105
1916603,234
145669867,234
2023610309,28
118744327,28
30519344,16
2111098411,16
2188748,50
143873343,11
40169750,11
2169936680,235
47735253,235
1727476,192
73222926,230
123968766,230
2192718395,30
143659991,4
134474919,4
2139739203,21
46726748,21
3461735,204
143676631,204
2107908149,80
1444699639,80
2191898992,202
1945712005,128
118661877,21
1399375171,10
19296967,41
1569105854,236
51448677,236
1409238393,18
116787621,18
2618549,81
143996866,30
153289719,34
2110230990,237
2642122,237
1721812,16
2111872459,55
5492825,4
3010504,4
145392527,4
50139333,63
1781500,28
21754899,13
2142448271,13
2108783344,238
80174617,238
1694877,0
27077407,13
121013142,13
35553282,2
51060082,239
68975437,239
145173082,117
144674647,22
3214594,84
1759787,84
32358325,240
1782059,240
144193701,21
51167022,13
143953836,167
2274623,167
102625445,120
2065584059,63
50410801,0
144692545,4
2045956,153
1576073114,53
7249796,53
31618908,13
117108642,13
144245984,25
103831391,241
34144770,241
2741769,52
1745451,52
2836702,21
40127220,11
2677682,106
1404876257,106
49920551,28
1390739401,4
1729606,16
30907562,16
144498867,242
144419866,242
41202995,65
2026324797,21
1491522257,95
2783939,38
2116149176,9
1705022,52
2064584591,49
2859119,117
67128030,11
91970751,126
1725561,126
40126770,243
2387776,243
1404434289,63
1397896615,244
1733840,244
1970636,46
1620657808,46
2004484154,28
38448625,62
3252562,62
145744184,52
2371996,52
2189434,38
2144569587,38
2820321,62
3161078,32
51924391,22
1848764,22
122739323,34
1744895,11
115938433,4
2142533219,98
2139750731,98
32174562,10
2116778076,38
1752967,21
2155139,245
46856402,245
2392370,46
31805805,63
2029655407,63
144753756,11
1703337,11
34845749,13
1985987,25
9257981,0
2146111146,0
143786158,14
1394341279,14
144830983,38
2093722663,63
2108007,94
3448878,246
47920859,246
2146111578,0
2739353,247
1711136,247
2343210,52
2086531527,52
50828583,21
116041634,21
38760232,46
2140889716,150
35410873,150
3145906,32
1765196,16
145849632,248
2953097,248
48825756,167
2078464034,21
1816720582,8
114413115,226
2336642,31
2532655,31
6482957,167
4754441,249
72304880,249
72808595,43
41170557,30
2700036,250
35455751,250
1828785,4
49953590,98
3065590,98
1685953,27
1509719916,27
1768540,22
1737250,84
71530625,10
144270981,84
81840293,84
4787764,63
3412792,84
69373883,28
3299344,28
151482698,8
8201079,84
1416415761,84
2083861280,150
103035256,203
1759447,34
1398554322,34
1680793537,4
118865716,4
31860505,28
145904884,28
2135697,234
2105138,234
1992969552,21
40413646,64
1405211707,22
3440020,34
2400779,94
1898789,94
2965138,204
2053888438,11
2124967926,34
2146097206,0
2088546758,10
32703977,10
2082393,38
2820009,38
1491319456,21
2004646342,191
47560981,191
2249694,16
144743716,16
144509454,251
38589690,251
37594946,13
46843152,167
1583840076,31
144161686,15
145689493,55
1695773203,9
33215252,16
1781883,33
153875144,33
144481316,4
1869561,32
12365385,6
97619403,6
2782886,16
2236429,16
48550760,21
144880455,94
48371380,94
78545962,31
1778928,2
2132312939,230
1743722,84
22186618,62
1629739923,30
40348583,4
5458129,38
72275901,38
12513531,32
2028071,43
103959861,43
3475001,39
2152316289,167
143653849,138
2137248,16
1693265,16
144365875,4
48693437,4
116266099,230
2046734,13
153070500,21
1809983,248
1799601,21
104101278,32
12933363,41
7406977,41
2379340,4
150040701,52
94817836,252
19265414,252
4928473,49
144824439,13
39982990,13
49127399,253
49250210,253
2064780014,62
1739890961,35
2099812165,35
3185893,136
32368040,136
79262652,254
2039713286,254
2144733608,4
46645239,31
2974320,175
1796335,175
50268352,255
1398034669,255
153823344,4
6722514,4
1733478447,30
49112323,30
2143976991,256
2810893,256
3206904,11
33404774,11
2452441,257
3091414,257
35145855,258
72624347,258
39724624,21
1710917,21
2172986125,21
31536327,28
2551214,18
47796268,30
1399980663,30
1403079602,10
145102721,10
1481724234,14
2911934,66
2856003,66
1956650,84
152929627,84
41079145,6
2648332,259
8720509,259
32255207,174
2120952,4
13223746,119
1887165325,119
31805906,260
144218567,260
1940629,22
1971592,9
1802817,48
116785764,4
122609617,4
1805999,261
27334995,261
2822483,33
1399519070,8
2073358625,11
1488659424,89
1596725015,89
48523334,71
1791498,71
2151965408,262
40129103,262
2119053315,4
2858021,55
1402765126,55
144065562,11
2098749,263
2042376,263
1389955131,203
27321682,264
1432755814,264
34451098,21
5383760,21
2993731,21
144036063,265
1686341,265
3019739,175
143778812,266
1702946,266
15983089,49
40405236,267
67298856,267
3335398,268
145288435,268
2164356774,11
15803441,11
2151036132,269
49813404,269
2107681838,13
2538277,11
1411005375,270
1801259,270
47496891,191
1974994,271
1709086,271
2111327172,52
81975078,31
2153876524,31
5854600,21
2683356,15
1951032,15
48083861,272
9495246,272
107747719,80
1796536,16
2064687867,11
2184260,11
50202363,11
51183905,21
3476559,83
31299336,83
117005147,21
39102113,6
1409702088,273
91154571,273
4130953,15
48118134,8
31558629,8
145501742,274
2646499,274
8763600,28
2113463752,30
48418937,18
50824132,31
32716879,103
71149174,11
2071531000,21
1918203,34
3251114,4
2144401601,4
2393427,6
4444363,9
3377701,9
9770761,173
118719236,11
1896151979,80
2144231489,80
72025657,21
115558609,21
2078292234,18
1898048420,52
6652785,98
2187695978,38
144791005,251
79774420,32
1727090,239
2611075,11
3359381,16
10174923,34
2304764,275
143991343,275
144985652,276
1708109,276
143762896,39
145919650,39
32232633,32
145917210,98
1695397,2
2072795,38
2776502,38
123508592,215
2170163096,215
1846839,63
5337233,11
4927799,277
145644167,277
1727159,30
1404356088,59
2144969852,115
143975462,8
78922886,8
11333675,21
1399594486,21
1759568,152
1747800,152
2835125,52
39662224,21
2051914304,21
118292265,39
2129191899,21
2064095808,32
1405454261,62
2756877,46
9267108,13
1738894,13
27720125,15
31270684,15
50824384,0
2724666,4
1680270,28
39556143,28
143756980,31
2047844,219
2485727,93
2685443,21
95878611,46
147322643,204
4726839,4
2519453,8
1793601,63
1978469,35
144239097,62
2131324879,227
49805882,14
72903675,18
2766480,63
2640356,13
115671562,13
4352760,66
92517933,11
38172240,278
51020276,278
2069902691,6
1689081,11
5590544,15
2539968,167
145622311,63
2111165720,80
1707625,116
145235556,18
46416567,4
2076751932,150
3245383,8
2148301822,18
2064388362,18
3187480,21
1713898,39
2107548307,4
150310289,21
84154624,62
4562531,21
2054734605,16
2478310,16
2844293,11
145781376,11
1803701,14
2268054,204
115451247,16
119938771,16
48046557,30
13970219,41
51901315,150
9716460,15
47567062,15
2366591,167
82860618,167
50184120,279
1878375,279
145540107,32
2632078,34
2667883,280
1703727,280
2079417698,32
1802643,281
1788745,281
3133271,11
1414918071,11
46521371,4
66792522,282
47260549,282
31443823,258
2108287523,258
1727384,16
5034391,16
1719767,230
2066971487,98
2052360522,46
2064183271,46
40200309,178
100861208,128
3316991,10
2068883041,10
38562416,38
1388367454,38
2554498,272
2058006912,13
1651134502,191
143995258,2
29448053,13
2171470069,13
143791782,283
97677407,283
2054518611,284
23107750,284
2126053545,285
2110066093,285
1754991,13
1735860,39
1739447,94
3423764,13
84257307,97
2504446,9
46835179,31
1416945634,31
2264182,15
15562482,241
51894333,152
1977806,211
2357626,33
2058430089,4
46244214,4
3381971,286
2651953,286
2069626187,9
6978329,30
1500667060,30
2136708,4
2114110908,4
89649167,39
2153397929,34
2041670,34
7935911,30
67325540,8
2109842960,8
1978239,27
1763352,16
147922694,6
104244453,63
1405462204,14
103879173,16
31627796,39
1401308012,30
2115231018,4
3701289,52
121036203,30
103427559,272
2164700146,38
2480209,63
35273120,6
1602255019,31
1397603104,31
90224690,63
2071801176,18
144150258,13
81350809,285
50770652,63
19213617,4
1729566,19
1691597,19
2553058,33
1557302037,21
1885369654,16
2113245836,21
35019836,13
40025432,4
1403849753,8
49104538,39
1783281,16
1803171,10
40800374,0
2151789216,16
26759530,9
143617537,38
2145956085,13
152981628,13
48414147,38
2048417545,52
1701298,22
2918378,22
22560425,203
4739296,203
145495227,287
1727599,287
2692229,241
35345313,288
48222869,288
1399153597,33
2008205041,25
2737827,25
49017964,9
144002439,98
2089344263,38
2118812343,83
2059175859,83
145864135,8
3323727,72
34199564,38
1704327,32
2005988433,191
2120415750,158
123478703,158
39976743,15
2066152579,31
3371994,38
1396564179,32
2974243,13
2263239,124
50991767,16
144823910,38
2084659,10
1982425,10
31954599,18
31612660,215
1702242,215
152864672,257
2109648033,16
3043674,16
1862245,289
2110105899,289
144689159,167
1411931993,94
4534012,94
144941745,138
2779427,16
103301121,16
2909134,21
1741025796,46
153772145,18
1844852,13
115399156,124
2066235409,124
1409432424,9
2149607497,9
30450280,13
144102674,167
3119101,9
1492039267,290
1766622,290
48480843,291
46181191,291
47119008,4
2376550,52
1786628,52
2110604214,84
2161646834,0
144420819,38
37784060,48
2109586,21
49394985,201
41172968,17
152622683,17
2113425854,4
48569628,10
47782014,10
47982582,292
145474916,292
2068505359,148
151467651,21
1936892,293
48256159,293
2195593874,31
144030911,18
39944239,34
2307982,21
1690271,18
2064963886,294
10694462,294
108317587,21
1797833,13
50117401,94
1689620,28
8177580,52
122495956,38
24029613,295
1986996,295
3196118,296
2745442,296
1404313655,13
1820919795,13
29888423,297
50105408,297
2382115,22
3386308,298
4377390,298
2135734079,299
1646745975,299
2172979996,13
116313283,13
2007521700,18
120315318,150
151203958,0
1410571736,214
6163036,28
2158254,13
41152329,300
1748501,300
2072426,301
50649960,301
1802071,13
1518270846,21
1405578363,63
143903307,0
50502383,302
27992019,302
1436038016,18
2153909151,31
12243518,34
47632726,39
1403060027,13
49943757,303
145716875,303
5787248,21
2055559429,21
144511665,208
34561997,55
31984962,178
120962807,126
1728318,126
3424384,295
40104995,98
37433997,39
31990981,13
1622893868,21
1397426946,21
3393380,84
11271431,84
2512264,46
2775559,46
1712865,59
3217172,59
70716913,46
1389671466,216
1695917,216
3100337,16
2081042441,16
1942971,63
5097384,38
101482772,16
1690690,21
1380251162,191
4470632,11
3207378,32
2052328879,30
1704477,31
1516165546,16
31151064,21
1828604,4
47858539,30
120076217,46
49965779,304
47588907,304
2177451216,66
2114724628,66
2153823,305
3642680,305
144297380,171
3356301,13
2111873904,55
2140601427,39
118407911,61
1988953,120
145883179,30
100525940,49
6104390,304
2054847,304
48351741,217
1571364598,25
144214525,13
2017646,16
145827334,8
2064358,251
1753593579,4
2543534,306
1799860,306
3928408,136
1858149,136
108283771,307
3237368,307
2563117,175
3160667,175
40894481,63
145670814,63
2173930462,21
2805349,10
2886794,308
2140017,308
2056927974,13
2708907,19
116651712,13
1402383926,21
123488942,167
39544679,16
119151277,8
1389957009,32
123679933,309
2698741,309
82572787,39
2116786165,38
2345936,13
2108706918,35
10244964,133
48530970,133
2054002191,31
100953200,28
35121943,310
2187761,310
2602469,28
51053704,21
27063640,311
1406421551,311
145215470,16
101225689,312
2364686,312
2734912,30
3438711,13
40074624,13
1910550048,14
1412446068,34
35593089,6
46454226,80
1695160,313
1690341,313
20510781,30
2054134857,21
20609745,30
1689184,21
2340014,16
143602360,4
2307010,4
50112537,34
1807475,8
1903282,8
2106996218,21
3005861,71
2100925684,46
2113593126,16
2026545715,48
27729635,49
7706982,167
5784319,4
2174655688,31
3200693,314
3727566,314
3312398,28
90644193,32
2005283870,11
35003181,43
4433905,100
40913396,63
144584024,38
47707895,63
2465182,199
2155491502,13
2109973178,83
2123787488,83
40205485,59
143636246,106
67269577,106
1388406825,275
1698354,4
37664126,4
20301683,62
2090979328,62
2697030,18
152865649,55
50457366,13
144021633,16
35830832,18
144465807,230
72641097,16
143604938,38
13609162,71
1680080542,71
8260370,315
2064593291,315
2050597,175
35588042,153
46995387,316
3219300,316
2099261884,294
40387161,294
2098647,19
1728462,19
34717147,28
20985588,235
2402114,29
31082471,29
144738630,317
3017695,317
2085689125,13
2148352422,13
5928579,30
5448322,30
29952206,52
50050246,52
1680494,318
144610643,318
49531494,319
37930132,319
2247552,16
1402720306,298
2052341430,298
8336795,187
30919754,39
3064794,319
145037216,8
1769472,118
1712654,320
50860274,320
134730247,34
144562407,4
11045635,4
3169225,15
40084738,98
108488786,30
117449195,321
1724185,321
1403798030,18
2023364565,316
46431498,42
143892297,38
2131253914,38
143620023,39
1491402347,98
2223687,84
21719718,71
3342374,32
29934863,6
8545082,4
145217058,4
2115539628,28
1393048123,52
7255575,46
118404344,16
1698701,257
119517474,34
41152134,34
33570565,123
1699600,46
1414041728,59
98404100,322
121677248,322
2056954162,106
2215875,31
152276166,36
145931139,175
2362276,16
3331141,16
39120083,16
1858550,13
10391344,323
1742431,323
3461693,124
2107700135,18
145033454,63
2420196,15
51197268,13
143890973,13
118547932,305
2089200,324
120914670,324
2262177,21
70790902,325
3162562,325
2069290719,37
1713747,37
30886806,39
97166998,230
2141377570,21
2661277,175
145344526,84
2441057,167
6960209,0
89922735,34
145400247,94
6009715,4
2443066,311
2060466979,52
1775071,19
1571839644,326
32424635,326
1724769,13
1794904,13
2061329586,4
1824816,4
2771508,0
39331349,13
1740080,151
39914586,38
2191495,30
2977931,30
31394603,30
144582117,8
144624727,21
153735821,16
1702051,327
1679058,327
3374192,4
1710013,4
1699545,49
1379484084,21
2499486,139
104847090,139
47960435,208
2574895,16
117885595,8
2053301059,80
48963272,52
117404266,52
1807682,61
1703450,33
2118128672,33
3245570,0
39644387,328
3064908,328
1484462171,156
9048365,329
1733803,329
1606956004,330
1606956079,330
2881033,38
35618632,25
51183248,84
2148463726,16
33699440,331
2082058,331
1735970,19
70054515,58
1725126,58
2110175296,66
2074755671,32
145386177,62
1736389,332
36333686,332
1714888,28
116893626,4
5575644,15
1728881,333
51909421,333
48582283,4
1693341,32
2058951009,4
7993567,32
138246177,32
39871022,83
34207642,9
2145176897,46
1492112372,2
40385687,4
1404332665,18
2405355,334
144684950,334
2763102,282
1785423162,32
27001335,139
144300729,335
145277911,335
1720683,4
1705329,336
34919047,336
5188121,52
145171812,13
3132347,13
49396408,11
33444974,140
144668684,204
153485411,175
144373046,2
32215760,2
2058352378,203
10305789,75
1573738676,11
1591128918,34
51002836,14
2372976,192
1691577,192
51161003,63
2061295549,0
50322376,13
145859626,0
145058548,139
1714952,337
40570786,337
143800151,16
3129931,338
2192428,338
3387394,0
20823130,34
39493641,34
12989980,27
1422382352,8
2388205,21
7280423,339
144129816,339
143613254,54
50112472,340
2364974,340
145600625,341
35336275,341
1405310717,57
40144526,211
145204677,8
3016256,92
2720748,21
2807137,21
35136185,52
145059556,8
1920204223,8
49490941,68
2040617,342
1740249,342
1825741,8
2007746430,21
40896005,4
9970103,93
2191738,343
1727108,343
49948008,218
2179272902,344
2051741151,344
144747171,55
145681423,55
1933293997,10
1978063933,4
30717442,8
1731012,345
2817763,345
145861884,35
152654661,35
11406378,6
48972909,53
2783626,46
2105522754,13
1763295,52
47321836,38
2054799013,39
1745229,39
35213700,32
145234690,94
49713890,41
1756468,277
2370142,98
40017282,304
1975889,167
48860332,144
1931243,144
2192704,346
2661977,346
2593082,21
3002927,32
2112408225,4
1762398,347
3112363,347
153781655,139
2145048389,4
2862527,22
114436981,46
2008210195,116
145192191,38
35033331,13
102319456,46
2116972,348
2196522,348
96893747,8
151377924,8
1421015746,33
2111036696,141
70441859,14
34651948,121
49479696,4
1485043767,52
145842673,52
47320875,34
4513565,9
6359077,9
2491165,233
2157698952,267
37883312,28
23987031,39
2085950021,8
1666605207,28
145087825,279
3407365,63
2109913,13
20735912,13
46230920,4
2149257028,4
11563451,97
35041184,4
116378369,251
1895372,18
2072792612,8
37264444,13
1806767,349
1718391,349
2150461823,187
2092094191,55
2117571,350
1745250,350
2127497,191
66393869,191
145776269,351
1693815,351
152310567,59
48237203,134
1780030,63
48905394,243
145445694,139
39674336,19
2052497828,36
104983361,63
52011028,352
48354298,352
2116638843,353
2191743,353
2497393,13
32980371,13
2115193883,38
2084808,30
2170168009,215
32071555,34
2116500622,201
2222242,354
2522002,354
145941081,28
113952413,4
145459348,8
2697312,355
1766595,355
36162262,15
2241110,38
1632969493,191
2681954,191
51151458,21
3230803,8
1740329,8
39762635,198
113405442,119
2744033,117
2091778,319
145280149,84
107834422,8
4979059,52
4022365,52
3451599,8
32653342,356
2053272,356
1482560029,94
38451395,94
2875293,13
1948458,0
2107883360,357
35586198,357
46537606,21
32451890,33
144679076,33
2373998,13
1381933697,358
3329979,358
1491578557,98
1398936297,4
2780881,4
144212002,167
2272463,167
51889221,84
144347993,62
2159201633,0
1413110592,359
1398859796,359
145813907,2
35637055,80
144760974,15
46877301,11
50516758,71
2207482,71
3161840,252
4677813,360
49957601,360
74663099,11
19279867,277
3399505,8
16640485,49
1747099,52
2502423,34
39083912,34
26401957,150
2067868031,11
3244651,361
2622687,361
49425477,30
2108778091,30
1423725451,59
152173024,9
2327749,8
2212978,25
1726080818,28
4569724,362
1761651,362
2042071202,31
8750405,34
84583464,34
7389819,121
2068905928,83
30912359,32
1707461,13
2166451323,4
8746650,234
1398380433,18
1955727,363
143890476,363
40068190,38
2166511,364
3393918,364
10054843,365
152262086,365
3107309,4
2561756,4
2191898038,202
144954554,16
145249172,203
40406680,10
1747652,67
121013333,15
6110055,30
49577927,94
1435240859,366
143653472,366
2142552905,6
1809979,18
2071666114,130
2144029,130
1388404060,16
1794750,16
145259545,100
32323750,18
2309247,63
2145391253,94
2184913,16
2145514,39
2026654,367
1694809,367
119451124,32
2724259,191
145125979,55
122583224,95
49462969,34
1736067,34
1749334075,31
3400655,368
3257345,368
2277974,19
143825011,155
2450627,11
1414840901,272
2650184,6
2104437867,298
144791489,369
145866446,369
2117207,370
3148917,370
153680265,79
1768825,79
2072032065,371
51953222,371
2322015,6
145542456,306
2075278726,372
1697444,372
1915175,78
2193268,5
2082743680,106
1935789,4
145198825,32
144252495,191
1697944,170
2128372,21
145448344,191
144210251,191
49012164,38
3096649,9
2692274,153
145425815,16
2022676032,241
3144230,21
2065694473,13
1405270990,63
2149583375,4
3245681,38
67126232,38
2116462386,4
1726081,373
31888546,373
4006636,16
152277141,52
143604819,52
2059408581,33
2688473,356
47558994,374
1796247184,374
82554865,223
2150829000,80
3929031,375
145218702,375
2075360345,46
2074013443,8
2108342531,31
2055454506,30
145597976,30
1750166,376
2986543,376
144394647,39
145046124,373
2058515800,4
152595861,13
37237998,102
145524214,102
3216248,62
2835398,377
2474998,377
47995218,378
1705102,378
3283158,16
1799270150,21
35589613,81
72404967,16
2101003,97
5917870,139
2477993,13
94996379,167
113057681,379
115318287,379
145882236,8
95602865,52
2134290,297
1818904399,251
2051975,46
1745117,46
1999088,4
47360180,0
34903979,0
1698403,380
1718810,380
2109845902,312
1693768,281
1656681148,210
47352285,46
13761946,128
2767140,82
102718598,241
2566697,15
2307347,202
116077502,63
2347035,381
1963591,381
104087112,84
2180819374,139
1755187,32
1681053,52
9057678,62
150892542,382
89346871,382
2276554,84
1886703,37
5958233,311
2123928489,4
40282288,383
2780667,383
89037187,8
1397933253,13
2051528428,4
1596825599,25
46769530,17
2060570568,130
12648809,55
2060611317,55
46202504,257
102108390,6
2116553732,13
3806362,13
2871138,8
81523592,52
48844001,384
50197029,384
1405369173,21
50559722,383
3033855,385
1794262,385
145349858,386
145975946,386
46567426,167
1395795920,167
2364416,94
2052139675,32
1405030880,18
1771117,151
1982058,13
31908706,38
2232853,9
1387936229,9
2024244587,15
1679929,94
36314744,55
2630298,13
8759332,300
47683385,109
144695689,3
1854783,49
2060080508,11
2101470,44
1606074292,330
2139286,4
2188319617,10
2081425053,139
3362498,0
1958985,387
2075249103,387
12905003,16
2064076,305
1940380972,8
2126089509,21
2142653440,0
118654865,18
19736052,4
1745069,18
37747895,63
5943118,32
1682878,388
3170658,388
2624785,38
118559963,16
2113566002,13
3033269,16
1690967,16
32199494,28
39853304,4
2070427337,46
47033828,28
2088899596,46
2061625001,11
1822242,13
98446511,286
114830687,8
1684032,32
1728221,389
120870867,389
2083538,2
1797149,84
47203912,84
150331411,62
143638107,16
1401107688,85
25649634,85
2146399452,52
2070714,390
5743109,390
2111224744,83
31620532,13
47533677,4
144653037,4
22211764,391
2733057,391
46479224,13
114115435,21
47338499,152
2152662507,32
2801337,32
1770424,18
50252567,16
133558401,258
2711834,392
2142126,392
2268508,249
1405409593,4
2142164,11
145623071,393
144114885,393
2560153,16
97769500,118
143660006,387
2084269438,4
7314152,4
25590462,101
4881881,101
2192716420,30
143758717,48
113982476,80
2152972285,13
98887564,13
2582404,13
2131152734,4
31116764,6
145835908,10
2488381,79
2296804,4
144003355,46
114387276,295
37413170,52
145137850,177
3403284,235
13641047,235
32590564,20
34666292,27
52157952,122
49446819,4
3399287,285
2855998,84
40505073,25
2850031,15
1776099,156
116433436,9
49870342,18
145481292,394
2555887,394
2699536,62
3174259,395
1809160,395
2162703212,202
2153306511,52
1409913903,396
3157105,396
1716799,183
6541695,81
3209052,21
123681460,31
3026227,31
48223574,13
83266814,35
1710176,372
38009222,38
1691830430,397
2163694784,397
49326047,16
1771983,63
2056144850,31
2061106122,31
48362356,42
3803776,63
2095414454,34
144741762,0
2749233,0
2110079050,71
145192149,32
1400956398,387
1686355,33
2660799,52
143880621,187
38495205,398
40561746,398
2057093615,4
1684267,115
145308025,197
9045295,197
2919118,13
2862768,13
1401971414,338
38251140,399
1864666,399
2271070,54
3461058,400
8651842,400
40861363,8
1491182570,257
24569263,28
2109246592,80
9910998,191
2123687532,6
6131630,49
48292752,171
9898994,8
98915591,52
3358077,52
145803385,285
1895701,16
49868606,6
96083599,6
2112147237,55
3387222,55
82321157,401
144228140,401
1596700058,21
3209818,21
1803195,13
3162421,402
47434223,402
33411132,13
31228081,31
6480754,225
2802509,10
2111881583,21
2047483357,6
40934608,316
71297991,71
6974508,172
1490933536,199
2950043,4
2369948,8
1686317,8
35973196,314
9715454,150
1893293,403
1713687,403
47696256,404
117094346,404
145617731,384
107583198,39
3806712,16
7769339,405
153096457,405
144339506,318
40395376,31
51243417,9
1454235039,9
51291213,406
1680292,406
2229074,269
34636703,13
65953975,407
1397914802,407
47830043,83
143813655,68
1795727,16
2093924254,0
5493144,408
147803832,408
49950751,31
145977817,204
2065215943,305
1992750,46
1703235,409
2262897,409
27711759,25
70058324,21
12464862,397
2011437230,4
1656681927,2
1746841,211
1680828,55
2109670297,0
31014271,366
2054111734,11
40404161,410
1752070,410
1405330966,411
1734288,411
2110348576,9
11039496,21
7565754,15
2854777,8
1735719,62
145408291,201
145239893,201
1805612,19
2733482,55
1750332,17
32733718,412
38458896,412
103048709,52
145140897,100
2071624317,53
3308376,16
2532027,8
87143815,84
30827227,52
35433346,338
1726733,413
144575353,413
40506946,62
1380245380,203
9200530,38
1683053,16
34025870,414
145371126,414
1718974,16
1391592724,235
31213251,8
40527549,63
51520860,135
101694937,122
152408904,15
143893267,25
2110490893,415
1678602,415
1794748,11
144557945,11
2663473,19
1486634429,208
2084164762,371
1680484,416
1803571,416
48687882,38
2116152428,46
1414180791,214
145280613,13
38036859,25
2132323950,230
49302440,158
2162465874,158
117204053,38
1398232551,417
2763539,417
145364504,198
144673084,9
41198985,16
1800154,16
2078196991,215
2313853,418
1891554,418
143652321,107
1400818648,167
153017440,46
1993530420,31
1993488701,31
1697737,227
2052744032,30
39505328,19
2558336,411
2833301,253
22369664,49
1775687,16
2129212303,118
37340414,32
2154403213,98
2005765789,419
103435864,419
38173480,25
144786600,30
2114014222,31
145543300,323
32325152,323
5840910,98
2186185534,63
2160471177,63
2749479,8
4213990,38
2070916165,150
2056850278,77
2157480,38
144978737,159
1743341,159
67037003,84
12953449,84
51030021,307
89446452,307
2210638,8
40560128,21
145304843,420
145201124,420
1801487,48
143678398,421
145604243,421
8640719,75
104777609,4
2889946,153
1395385575,8
1801255,422
29891652,422
143901502,423
1764576,423
1735704,410
50635558,149
1398264223,117
1778398,34
1573872877,424
1736467,424
1791072,10
2111964996,0
143691621,38
3305445,401
2029598250,21
1798501,425
2646401,425
104662768,32
32030988,16
144908194,60
2025949,72
50054955,312
3257323,426
1691305,426
1774514,15
2069927687,21
39127080,427
1687107,427
2055969088,175
2149111126,342
121034317,39
2254522,21
1709722,318
33831066,318
84597138,363
3357912,13
49344883,179
1783184,28
32271575,79
3129259,79
1398932932,117
2820282,11
50545056,175
1788365,32
49671212,6
144106225,55
2089284927,63
145893609,32
80699720,107
1891916,4
2055369949,32
10726253,0
1682591,257
2153669,16
51305978,33
2115765779,11
2791309,31
2065337454,428
145257721,428
1692521,347
104563806,6
119940620,6
1696085,429
2460526,429
38931554,22
2972424,2
71261017,2
2051739886,25
2103509162,25
1731520,25
30832559,11
2922661,25
2112907555,34
1879192,406
2067535,16
32861190,13
2152782868,63
32266979,63
1692855,65
51189569,50
39710593,28
51240821,430
34796546,430
34836211,4
116631725,4
1403874839,32
1397248958,63
7536576,165
145315506,431
144622087,431
104009809,80
2069504401,38
1414796571,31
2801545,432
3100752,432
2056459887,433
51437016,433
145802163,4
2101608111,10
15280578,11
1681530,167
33585083,44
1916887,52
90444674,18
2471037,21
17026067,306
145185457,429
2153060625,434
3093901,434
1400347486,34
1900489124,80
1781703,121
1807507,205
2981824,25
1699657,11
32289074,86
2107914725,314
153936479,265
1381404017,21
49943938,63
48294777,63
6452115,435
145504534,435
2850437,309
12961454,34
2121286474,48
1836263,15
113800385,119
2112929416,16
20611041,13
2066244875,32
2840689,213
1455192856,66
144027066,62
2116415715,4
40538650,386
115420343,55
145660644,308
33891128,9
145445821,330
5803950,15
1388372395,436
2212554,436
49725198,203
108666290,66
1702137,69
1668875426,35
2132182606,14
2572528,437
113764336,437
51011397,21
144278140,126
143912507,25
1702730,25
39695923,18
2114313313,438
77751476,438
51135947,16
2508373,107
2118467425,193
3344836,193
2128916708,2
7901504,165
145668062,312
50197963,38
50363312,38
1632706683,63
4195867,362
1593346613,31
121471374,33
22446549,81
2140116999,34
3142146,0
2823200,311
1403823187,311
1909948,13
144791375,8
32847567,439
2062288,439
2603663,177
31796970,81
2152819906,81
2058523398,286
145844506,4
22603977,119
7259268,78
2133301627,13
2000865333,0
1724193,0
80833908,194
1707738,19
1885007,19
9655832,32
1689001,32
2233516,32
51033166,68
32455680,4
2073731161,38
7137430,4
5303678,182
1685457,32
2058181543,10
1783013,19
1725303,191
7274019,440
1403723810,440
39542868,28
1749920,62
107819734,62
8194860,309
144107346,2
71452818,21
151139789,52
2150571723,49
2110705794,323
49623164,417
6658633,18
145664318,28
2060163305,148
1855824,148
2059382056,106
33087940,148
30149143,52
1765159,400
3121355,441
3104112,441
31877132,278
1796264540,32
40469969,360
3121353,442
9363185,442
3750440,443
11756889,443
2997532,393
15584091,393
46308692,167
145254207,167
1782551,444
1890199,444
2038233,445
95412565,445
1708494,446
143849609,446
147046671,30
145479059,447
1806568,447
123017419,16
52206144,9
2047999838,0
144776615,36
116167122,50
20851309,235
5003199,63
48531906,204
1450310116,16
67135656,25
34582619,448
144779196,448
7795115,100
2046282,28
49687960,28
88623414,15
144202999,449
1775912,449
144628574,65
3293575,244
32738505,198
3205143,4
32216871,8
145277525,15
6745526,401
83389668,178
123767061,39
46205905,11
1999125,21
46905197,450
2277743,450
2468364,16
1702769,8
3445334,65
1694274,65
102536922,39
50981816,78
2099093280,4
1724097,451
1785922,451
2095616555,18
2067373033,35
2070170034,38
1839624,452
1685445,452
1774986,430
1731895,453
1787713,453
1783436,0
3455625,454
89447475,454
33772810,365
1768190,383
2933500,455
1650083445,455
2703973,34
1587128201,34
2047291317,19
1786442,138
1961958,105
118707418,16
2067557956,16
2129824910,122
46379940,133
3046220,0
2115935859,0
1726531,16
2087117615,34
113940974,15
2111781975,305
1455006096,2
1734158,162
3819917,28
2710595,456
9405813,456
1388392138,25
2139834865,437
3923375,457
2468251,457
2157118,25
47594249,101
143964310,25
3011486,10
40988542,142
3071381,123
145161757,10
108644117,458
1744341,458
144418438,459
1970864,459
1770193,159
2070910,13
10744785,101
39729634,13
1747723,377
46903980,58
48939940,96
14577774,13
39649662,11
2646836,100
144524355,52
70215509,16
2145587478,201
5625933,13
4664170,404
2896291,16
2004014746,4
1404974024,4
1725023,191
2378569,16
2111129318,13
46304937,243
2115671421,13
7414550,16
152753478,214
2054519101,32
39957260,187
2026231413,2
1699751,460
1401678555,460
49107685,461
145617198,461
34613900,462
2265465,462
144059770,207
2086928350,21
2083578386,354
2016580,126
1708847,38
48925011,100
1709838,19
1718233,244
2116430057,463
18307037,463
143798966,52
38906978,49
1760810,4
1767493,4
25374726,32
145725600,287
123466322,32
145765722,15
1774457,16
27558311,464
3256565,464
117831107,465
119484618,465
38940069,272
38216861,272
34705135,159
1402342789,6
2605675,164
1695376,97
2331521,21
50655812,252
47909587,111
51997673,46
2629441,407
1756188,63
2668116,63
144921048,28
100586619,119
2056774477,94
4620460,38
1381212697,8
34774636,59
4463764,9
2507866,225
34249774,466
2179414201,466
2208014,467
81739389,467
1785267,468
2729193,468
2023694909,9
145081804,16
122145841,16
46714697,469
2066570629,469
2838790,21
102314165,21
2051700,470
145894520,470
118861083,139
30381156,471
144473519,471
1774723,472
145522617,472
6644649,16
2089532795,431
1745790,2
48071255,4
145372161,473
2543801,473
2111889353,4
1689513,474
1803040,474
1388327837,52
119530058,52
2007114311,122
1384238944,4
37436656,19
145574559,475
144092773,475
145559941,18
1825150776,31
1698138,364
27980717,374
1968493,100
39902241,10
2162672193,476
1409515342,476
144463965,477
47631888,477
118132238,106
2455623,343
1680329,16
2079617738,31
34821764,478
1726601,478
1689559,454
1812554,479
121430902,479
2070693475,18
1743774,335
28573362,31
151101298,480
50298335,480
1680899,481
1801295,481
1412416387,32
1403732384,32
107605199,440
51437284,29
113054854,39
144699021,27
40918154,105
2155097339,105
144029598,4
2793351,62
145804545,4
2181606,482
38798196,482
1738760,483
4051402,483
108584238,52
2337964,443
2547744,484
14024873,484
2129456957,227
1389609636,225
1873338,390
46247584,485
145246866,485
40798235,81
1715189,486
1711242,486
3776828,487
80657109,487
144563714,180
144395353,488
1807047,488
48283251,98
47195288,48
122733619,16
108790425,437
35647880,216
153564781,306
144885169,306
1878563,52
3372518,489
1402141228,489
34590983,468
2108778377,30
2008697693,167
117584544,21
2450616,8
2832085,13
2107946060,279
144765083,34
143736701,490
38105796,490
47809306,491
1742046,491
40199896,203
51965804,81
104653845,61
144541497,220
2158172,492
144160845,492
12619004,493
1821005,493
4829248,38
31022255,10
50275561,38
32061349,128
145444662,461
2449352,20
2080934335,494
1752722,494
3144976,314
104483556,52
1600634656,18
143869061,303
2118838026,13
120228851,13
48265513,11
1666630110,28
1767336,195
1723278,63
2061087399,30
117568702,79
2875493,435
49398780,140
2909575,134
144987337,19
101245983,495
50042435,495
9097247,184
14163440,60
95375390,304
37956314,100
9552744,46
2111046741,496
2139489,496
5264829,4
2961640,16
79904188,38
1699159,497
49247327,497
145793357,6
145657670,404
3181655,324
71282712,52
1764321,115
32343498,101
119012959,101
2071975681,55
31928125,46
1745226,188
49518964,52
40584518,25
1699990,52
1847584,238
48577290,38
51136528,0
2696727,0
34175429,232
2737990,384
144652297,498
145646162,498
30995722,4
1687723,13
2385228,2
95879567,499
3028201,499
6888909,420
145176257,211
46507023,461
1710630,52
2554551,233
1382286156,11
3237019,500
1762215,500
2102973933,142
65943017,2
144988756,18
1946683,324
2588850,501
1982950,501
74882299,426
1791708,502
144500540,502
1748079,503
1732917,503
2184800,38
1770705,203
1843103,254
39911738,4
1838622,504
3740597,504
144925193,505
3105979,505
3449303,159
2884987,506
3286844,506
2065757919,11
3990536,319
2350985,13
1582163896,28
145609590,98
9031132,38
3201296,25
49549976,4
5507954,156
145164877,507
73455379,507
2062398,508
2542085,508
2033196,509
145770644,509
2370629,16
71428708,331
46787843,52
1722983,167
2148382149,13
10697065,510
4895308,510
2479192,52
51126583,4
2821871,32
152602625,30
2111472502,116
144915407,46
3044401,52
38230471,28
144394172,65
2108646308,4
134000266,48
8602393,52
2754080,511
2018960,511
2697972,63
12665094,512
2985148,512
144923332,513
46290194,513
47941411,176
40461566,176
117182555,167
2083443,412
2052876873,346
49550275,13
66989095,15
9602006,388
3414700,175
1778867,514
1729790,514
144121212,515
145029954,515
40808865,38
2755880,4
2168134,49
145967056,327
49281242,98
2118461593,98
48448113,516
1769221,516
49095450,344
1796102,344
144848816,16
144349450,456
2736296,110
1792623,368
5359302,63
31653936,31
51040244,41
2313502,41
37453810,517
2908677,517
144667734,330
103226724,9
3396547,49
11143475,140
2154990549,160
2138053020,25
145091664,2
12782016,0
89020589,16
3053201,10
1409191287,21
1688400,105
103876904,176
2337686,13
8649018,167
4564017,52
1745123,63
2214843,235
2599847,242
2153304968,52
2459516,8
5030920,183
34085173,518
3027683,518
2113471537,100
38917723,38
1939358,83
1557331003,62
7395153,128
1805026,128
2754822,519
35428918,519
5724378,520
144756421,520
2576664,512
50465397,16
3235797,286
145523546,188
145531067,521
1699730,521
2132076318,4
2729317,522
3241188,522
33974871,11
1721158,343
2591514,16
3011997,36
1400645714,62
38115045,21
145467467,523
1723976,523
2507559,67
2076288,16
1763153,31
1768263,377
2162064,524
3058607,524
26936070,94
1786514,94
1829995,16
2079869218,525
38488481,525
2532195,526
144302930,526
2066646382,94
1397807347,527
145862204,527
1719480,528
97622530,528
143901614,78
144189270,529
1489386471,529
4256290,13
1831199,52
145022640,247
52118862,530
144073068,530
2017802064,11
2558458,16
145665851,0
39755631,63
51899127,18
143710789,38
47219792,351
46537370,531
1698752,531
144979147,16
2169453878,16
2019709018,15
21467751,122
3448667,532
145989424,532
1803509,453
144950844,301
21368531,31
49982610,21
1797885,52
7706169,18
2236551,18
38330039,533
51040156,533
2007565143,21
46637563,166
1781565,287
108075319,52
40541732,218
2193568,534
145228437,534
2113224197,173
48694677,21
2086391202,16
1975761,61
1772699,79
35167554,21
118126659,11
2074302785,38
2142101,105
91847040,203
3481358,535
3782043,535
98501610,55
38831423,536
2071046282,536
2256618,537
145066132,537
2120202567,8
1684931,8
104451659,495
2315940,221
7755014,538
46618575,538
31359858,39
1747699,4
116506812,65
50193132,41
50168261,244
2152582960,539
3054383,539
26344058,536
46331807,16
2249934,16
1404604704,34
145851589,90
1391462583,122
1727071,540
2757194,540
49028974,8
2228459,10
1806014,183
1904761,541
1702481,541
2075359401,21
151452727,429
36482023,542
2267500,542
79635615,182
47081833,55
3245150,543
2086645398,543
4083185,191
144476960,544
28116298,544
2122755,28
2125238102,545
1720971,545
30353442,285
2753547,477
145125978,55
2153292193,546
2135370738,546
144291713,22
1681789,547
136886580,547
2131161373,130
48722701,8
21274851,261
115726785,167
52030827,4
1740147823,31
3689165,19
2004573941,11
2537922,220
34889030,68
52224755,548
3292834,548
11549943,15
145740706,549
1694170,549
2838084,266
2662125,22
2149051605,4
1694662,8
1737121128,550
2157405959,550
144948925,438
2465442,167
46434509,551
1929245,551
46297031,38
4797155,552
145705027,552
3271672,347
2299251,553
144863841,553
2237559,386
2136591018,375
9005262,375
1685793922,450
1896095,554
2109680564,554
1396841807,555
2278009,555
145931052,456
1786504,4
1722564,13
27202900,35
145662923,317
40559233,4
1453874533,116
2121403820,13
47039337,194
143602351,56
3835122,272
9034564,4
1388059561,25
144643908,101
144263467,556
5120903,556
143970078,521
25616771,557
46666605,557
1746222,16
2404521,18
1939072,314
2171067424,476
40145102,558
2495953,558
5260482,8
51140076,559
3291922,559
40581738,41
144155315,16
50227290,376
1925285,21
144126146,21
143716988,560
79353781,560
145372008,28
1753638692,74
1776254,453
2083101971,175
120088794,21
115638162,316
3129158,311
1753015,191
2057782666,561
40894019,561
118982086,0
31518745,16
145753642,297
46868357,10
2125780,324
1739628,11
1700149,63
2066631240,13
33989466,555
2047736624,34
2160471591,35
27485026,31
2109359756,562
50708404,562
1714988,94
2149217402,83
68972769,61
143715163,13
1742340497,563
145072875,563
72407560,564
66591075,564
2051972227,565
48832237,565
145587755,473
3422038,177
5849235,566
2264646,566
1741120471,16
144576794,18
3453317,122
143930195,83
1801346,35
11511299,6
32524198,21
39955446,362
47364752,352
6978110,359
2462215,567
3199888,567
31554430,568
2110301314,568
1718168,569
1746338,569
35084057,10
146373399,570
1726681,570
1785346,571
3374063,571
48539382,89
143964699,4
1729586298,4
2006474591,106
2686521,572
1779671,572
30770754,4
1695812,159
1390135992,573
32039787,573
1694491,574
1796619,574
2164488611,452
49596134,66
5113077,575
9853619,575
50417026,576
145850310,576
144054829,577
2113885594,577
143720592,63
1859982,52
2288814,578
144022392,578
1858819,579
1889940,579
1725656,580
2896208,580
50285540,154
2131616756,31
36106268,581
47473421,581
1825764618,582
1736763,582
46884024,583
88478180,583
47452644,13
3035777,6
1803521,56
31750406,21
3209669,584
1968617,584
2462818,55
144125621,201
1890113,28
88964187,585
2383344,585
1397430723,586
2805781,586
49599759,450
33533232,22
1996181044,587
2064364974,587
145222186,588
1687888,588
47691963,4
22252150,589
143834867,589
47786922,34
1716264,553
2983607,15
144638662,15
144137321,193
2157272745,590
46428422,590
2118836700,41
40372544,309
2128581780,13
2556863,11
1951544,591
3589015,591
145656551,587
39157073,592
1707467,592
108179269,32
1729346,212
5225213,212
145009388,593
1796253,593
2313102,88
1751113204,8
1790949,594
145866516,594
28956425,32
145506027,450
40630631,204
2364791,197
1796045,544
3156782,595
2479037,595
145080228,52
3030274,448
1746214,490
12054937,596
2113612538,596
113229740,386
46541423,13
10016451,128
147311305,16
8813467,81
2829951,19
30465886,597
3329205,597
6948417,84
50378084,13
3627687,598
6086997,598
3115143,599
2567620,599
1726694,600
1747300,600
1714166,601
2613438,601
144145814,396
144191702,602
1725559,602
145886555,4
1703472,603
144880922,603
3139418,31
34652233,31
1781697,604
2575168,604
108650069,106
11388466,301
1404339764,226
1403596398,4
2153899361,201
2163947704,32
7444483,16
15828791,63
25855489,605
1716776,605
80457501,606
34564063,606
6990125,94
1763735,607
122280913,607
1387962043,608
40343835,608
2087926,52
3401966,6
2872418,286
2486029,46
144760284,18
79384348,106
1466510389,11
144637058,13
1895908,510
2060275,71
2275756,254
1724595,13
144366376,52
117841673,230
3069299,8
144921751,434
2088143559,21
1684784,52
1804885,104
1766252,609
1800681,609
1935873,458
31685685,462
8281265,610
40360969,610
2934601,338
2723091,387
47074461,611
1879509646,611
143914330,14
144836463,612
145125738,612
145222658,613
1808595,613
3198078,36
1710878,614
2057626598,614
145832870,4
1898340,16
3271692,615
5444046,615
2995879,445
2203975,286
1716857,415
2016371,16
2170594930,34
3049771,616
50388356,616
143856744,617
2507519,617
2516584,65
51307170,594
48857747,4
145816335,80
2005170590,618
2927682,618
4298062,32
1730685,460
1814094,619
1708114,619
2106057867,387
1704531,620
33723166,620
1716440,203
49973715,621
49033211,621
48946196,622
1801286,622
143715970,63
145096996,623
114902240,623
1398620943,21
2000587,11
153782331,506
3007050,301
1764547,624
2223030,624
50000030,625
145689461,625
1716332,65
36743879,28
2863824,626
39641025,626
41133740,0
2006869290,30
1706091,0
40917740,372
46409126,627
108419016,627
2067648,628
1834512,628
72580502,525
2065295833,63
32918854,629
2136396863,629
1862506894,106
1581659912,630
2113941679,630
49105984,163
1825681345,631
117745152,631
4083144,144
2047554207,4
2472166,632
1943994,632
39597140,593
2652453,633
145283199,633
1847907,13
46182299,30
1918441,30
51391714,261
2485749,6
144514944,112
1397925673,4
4286159,634
1399384030,634
3200296,0
2473052,390
24028886,222
1768470761,9
22697386,635
1757913,635
1760291,636
2648570,636
1816277,637
152618356,637
47166531,175
34734091,16
3081683,638
2594085,638
50275735,39
8932668,306
46548799,94
2284695,639
3062685,639
144793542,13
2349009,62
1416790295,640
5416684,640
1738239,641
2239999,641
2067643,52
1404596968,642
46417808,642
1820844822,287
144463772,44
143885946,643
5239295,643
145058252,100
39540355,255
2089951845,106
2912842,644
2110816375,644
1694621,645
1779453,645
152148365,103
152807875,646
143924171,646
2110737146,230
2785830,647
50142992,647
145003123,648
10755211,648
143917717,649
1790836,649
2270392,548
3102622,567
39545209,38
152823992,167
2120346,94
2583077,94
41154933,650
2118821289,650
1938251,651
1802623,651
3363483,13
1775954,115
6858313,652
3195919,652
144131078,0
145354960,21
144833426,19
145491949,314
50390828,46
2085548328,41
5671907,407
40508553,653
2059016789,653
67322092,106
2325154,654
145816021,654
1725336,655
2255293,655
7271177,18
3422908,28
144088087,375
2052241986,656
34903404,656
2144058688,657
2229725,657
144729148,658
1682002,658
34568734,659
143666627,659
144244615,660
3070352,660
35394351,661
2821130,661
1398826846,283
2111373038,629
46203249,63
2273254,662
2246087,662
35019669,663
2416951,663
1699771,343
2055594825,363
2103864893,664
2195388,664
1689973,665
66099712,665
2607831,666
2417200,666
8903071,6
1587140793,496
1801426,61
10803100,16
1713217,360
145282573,667
2852476,667
144902225,668
2138729058,668
145431050,669
145182864,669
1793260,257
121472944,61
104873660,100
1764308,670
144576493,670
40608753,331
1764541,671
145280621,671
24297377,672
3183325,672
2072912317,106
84597545,673
1471356293,673
49058201,674
152591622,674
3207649,675
102234250,675
2725959,293
4742755,611
32879579,676
1898539,676
152428174,677
2225430,677
107975119,32
9201038,678
1775763,678
1404135161,679
1736641,679
1731655,680
145198208,680
2034351,48
1680438,681
1504465024,681
143794449,128
144666776,682
8349792,682
50784532,683
49155885,683
1389575160,19
2637596,220
2366701,24
49379404,24
2165806744,1
49514391,1
3071703,16
2109124249,40
2795670,40
117147233,45
1688359,324
1722538,12
1697795,12
1741320275,25
